0 0.40942028985507245 0.508 0.0249597423510467 0.06666666666666667
0 0.5092592592592593 0.45466666666666666 0.023349436392914653 0.08266666666666667
0 0.5603864734299517 0.5026666666666667 0.05636070853462158 0.08266666666666667
0 0.4388083735909823 0.49733333333333335 0.028985507246376812 0.04
0 0.9842995169082126 0.44 0.029790660225442835 0.048
0 0.9549114331723028 0.44133333333333336 0.024154589371980676 0.050666666666666665
0 0.928341384863124 0.44533333333333336 0.027375201288244767 0.048
0 0.9021739130434783 0.448 0.023349436392914653 0.042666666666666665
0 0.8522544283413849 0.44666666666666666 0.023349436392914653 0.04533333333333334
0 0.15365618467330933 0.7695882320404053 0.3060363829135895 0.460823655128479
0 0.23779962956905365 0.4280257225036621 0.2768256962299347 0.36979708075523376
0 0.5718098878860474 0.5022179484367371 0.0380786657333374 0.09244026988744736
