0 0.5096618357487923 0.45466666666666666 0.02576489533011272 0.08266666666666667
0 0.9838969404186796 0.44 0.030595813204508857 0.048
0 0.9549114331723028 0.44133333333333336 0.024154589371980676 0.050666666666666665
0 0.928743961352657 0.44533333333333336 0.02818035426731079 0.048
0 0.9021739130434783 0.448 0.023349436392914653 0.042666666666666665
0 0.8522544283413849 0.44666666666666666 0.023349436392914653 0.04533333333333334
0 0.13178275525569916 0.6896141171455383 0.2635655105113983 0.3535475730895996
0 0.37340784072875977 0.6543896198272705 0.16366198658943176 0.30840837955474854
0 0.5796308517456055 0.49822571873664856 0.03504734858870506 0.08554541319608688
0 0.18219774961471558 0.41425183415412903 0.34945425391197205 0.3791567385196686
0 0.5502057671546936 0.49250638484954834 0.026347726583480835 0.0696110874414444
