0 0.41304347826086957 0.52 0.028985507246376812 0.112
0 0.4307568438003221 0.5053333333333333 0.020933977455716585 0.09333333333333334
0 0.4500805152979066 0.4613333333333333 0.037037037037037035 0.09066666666666667
0 0.32039856910705566 0.5932354927062988 0.14491495490074158 0.221165731549263
0 0.7477633953094482 0.6808539032936096 0.1691766232252121 0.3402838110923767
0 0.6575911045074463 0.5942160487174988 0.08518266677856445 0.19402429461479187
0 0.9360646605491638 0.8164822459220886 0.1268227994441986 0.34652841091156006
0 0.026315001770853996 0.7892019152641296 0.05247766152024269 0.4064178466796875
0 0.50406813621521 0.5449461340904236 0.05054285749793053 0.12981808185577393
0 0.2309049367904663 0.5571562647819519 0.08947978913784027 0.17410148680210114
0 0.09546095132827759 0.6107734441757202 0.19062264263629913 0.2562786042690277
