0 0.47383252818035426 0.5386666666666666 0.026570048309178744 0.08
0 0.3446054750402576 0.504 0.06602254428341385 0.128
0 0.4223027375201288 0.5346666666666666 0.03462157809983897 0.08266666666666667
0 0.16505636070853463 0.5373333333333333 0.028985507246376812 0.06666666666666667
0 0.9847020933977456 0.5573333333333333 0.028985507246376812 0.08
0 0.9057971014492754 0.556 0.033816425120772944 0.06666666666666667
0 0.8590982286634461 0.5426666666666666 0.028985507246376812 0.06133333333333333
0 0.8063607085346216 0.5466666666666666 0.061996779388083734 0.06933333333333333
0 0.8067632850241546 0.5466666666666666 0.061191626409017714 0.06933333333333333
0 0.4324333965778351 0.5527916550636292 0.022203922271728516 0.06540470570325851
