0 0.5100644122383253 0.45466666666666666 0.026570048309178744 0.08266666666666667
0 0.9838969404186796 0.44 0.030595813204508857 0.048
0 0.9549114331723028 0.44133333333333336 0.024154589371980676 0.050666666666666665
0 0.928341384863124 0.44533333333333336 0.027375201288244767 0.048
0 0.9021739130434783 0.448 0.023349436392914653 0.042666666666666665
0 0.8522544283413849 0.44666666666666666 0.023349436392914653 0.04533333333333334
0 0.18723705410957336 0.654951274394989 0.2406003624200821 0.29229936003685
0 0.4156259298324585 0.6181438565254211 0.13472968339920044 0.26667898893356323
0 0.1774391084909439 0.44871875643730164 0.3547191917896271 0.4835934638977051
0 0.5828722715377808 0.4947015345096588 0.030094999819993973 0.08253832906484604
0 0.5523959994316101 0.49140477180480957 0.025643710047006607 0.0640164390206337
