0 0.5817230273752013 0.4786666666666667 0.018518518518518517 0.04533333333333334
0 0.4669887278582931 0.48533333333333334 0.02576489533011272 0.064
0 0.6006441223832528 0.456 0.024154589371980676 0.07466666666666667
0 0.9927536231884058 0.35733333333333334 0.01288244766505636 0.21866666666666668
0 0.960950080515298 0.444 0.016908212560386472 0.04
0 0.9146537842190016 0.448 0.024154589371980676 0.032
0 0.8969404186795491 0.44666666666666666 0.020933977455716585 0.034666666666666665
0 0.8627214170692431 0.448 0.018518518518518517 0.037333333333333336
0 0.8486312399355878 0.4493333333333333 0.017713365539452495 0.034666666666666665
0 0.21510444581508636 0.5615096688270569 0.09330253303050995 0.15521012246608734
0 0.38945910334587097 0.523312509059906 0.0700150653719902 0.11212707310914993
0 0.48152703046798706 0.49870601296424866 0.049881741404533386 0.0860695019364357
