0 0.9186795491143317 0.432 0.04186795491143317 0.08
0 0.8985507246376812 0.4266666666666667 0.05314009661835749 0.09066666666666667
0 0.6509661835748792 0.48133333333333334 0.04106280193236715 0.09333333333333334
0 0.6364734299516909 0.4786666666666667 0.06682769726247988 0.088
0 0.4971819645732689 0.4866666666666667 0.013687600644122383 0.04
0 0.5531400966183575 0.5213333333333333 0.033816425120772944 0.088
0 0.5487117552334944 0.5173333333333333 0.03462157809983897 0.09066666666666667
0 0.21923990547657013 0.6728466153144836 0.15032248198986053 0.26466867327690125
0 0.31142622232437134 0.6086311340332031 0.06402428448200226 0.16163191199302673
0 0.704999566078186 0.481443852186203 0.10937102138996124 0.12477946281433105
0 0.3486393094062805 0.5816544890403748 0.04411468282341957 0.12892980873584747
0 0.378164678812027 0.5575182437896729 0.03286581113934517 0.09319059550762177
