0 0.9371980676328503 0.3893333333333333 0.09339774557165861 0.14933333333333335
0 0.5563607085346216 0.5266666666666666 0.04830917874396135 0.10933333333333334
0 0.46497584541062803 0.49333333333333335 0.016908212560386472 0.037333333333333336
0 0.43800322061191627 0.5026666666666667 0.01610305958132045 0.04
0 0.5132850241545893 0.48533333333333334 0.015297906602254429 0.037333333333333336
0 0.3301306664943695 0.5849098563194275 0.06499098986387253 0.13949260115623474
0 0.8930245637893677 0.4191494286060333 0.08813417702913284 0.12115564197301865
0 0.36785852909088135 0.5601881742477417 0.039497461169958115 0.11159338057041168
0 0.3966161608695984 0.530116081237793 0.03550206497311592 0.08858829736709595
0 0.04663781076669693 0.6110922694206238 0.09312808513641357 0.11963460594415665
