0 0.12640901771336555 0.6146666666666667 0.12721417069243157 0.15733333333333333
0 0.24838969404186795 0.5093333333333333 0.033011272141706925 0.064
0 0.5479066022544283 0.444 0.0571658615136876 0.20533333333333334
0 0.8551930785179138 0.752145528793335 0.28849539160728455 0.4765794575214386
0 0.27134740352630615 0.7528418898582458 0.20082926750183105 0.43570950627326965
0 0.5588585138320923 0.5519148707389832 0.053155675530433655 0.13043685257434845
0 0.134627565741539 0.8248554468154907 0.26899924874305725 0.3363052308559418
0 0.48350784182548523 0.5394089221954346 0.04731389135122299 0.1182945966720581
0 0.3368822932243347 0.5485665202140808 0.07953863590955734 0.14966991543769836
0 0.4403151869773865 0.5259894728660583 0.0389094203710556 0.09778572618961334
0 0.5143117904663086 0.499146431684494 0.025280741974711418 0.06543757766485214
0 0.4096420407295227 0.51520174741745 0.030896222218871117 0.06692110002040863
0 0.3814755082130432 0.5145277380943298 0.02875080145895481 0.09610579162836075
