0 0.13848631239935588 0.5786666666666667 0.17552334943639292 0.256
0 0.5197262479871175 0.504 0.020128824476650563 0.058666666666666666
0 0.7630921006202698 0.7368014454841614 0.267471581697464 0.516423761844635
0 0.10587359964847565 0.717072606086731 0.2106465995311737 0.40231990814208984
0 0.04757959395647049 0.8407348394393921 0.09451859444379807 0.31068578362464905
0 0.5741623640060425 0.5599219799041748 0.05623042955994606 0.15913863480091095
0 0.36604443192481995 0.5392478108406067 0.056773703545331955 0.11906876415014267
0 0.6317762732505798 0.5421721339225769 0.07355783134698868 0.1397159844636917
0 0.2480776309967041 0.6142112016677856 0.047725412994623184 0.18709184229373932
0 0.37861624360084534 0.5411615371704102 0.03098364733159542 0.10868456959724426
0 0.2919797897338867 0.5988510251045227 0.10923000425100327 0.17512784898281097
0 0.32609787583351135 0.5608679056167603 0.09620951861143112 0.1631338745355606
